0.088
0.1
1
0.088
0.6
0.035
0.0053
4
0.135
0.1
1.3
0.068
1.2
1
7
0.015
1.8
0.01
0.63
0.15
0.45
0.5
0.0001
1000
1.0
1
239
2.5
3.6
8.74
1
0.16
0.14
3.26
300
0.028
0.01
10
0.43
0.2
0.2
2.46
0.2
0.18
0.24
1800
0.17
0.006
0.1
0.369
0.2
0.142
0.008
2
0.26
0.2
22.5
0.19
0.31
3000
0.01
200
0.5
4
0.1
1.4
1
1
1
1.05
2.8
0.5
0.3
1.2
10
4000000
1000
2.6
2.2
2.0
1
4.0
4
4
4
17.4146
0.107953
330.448
0.00752546
0.0116204
1.3802
921.594
0.0022627
0.00043711
6.05953
0.107021
1840.58
16.2324
650.988
3021.77
89.0497
0.839824
0.0611315
7829.78
4.83841
0.0129005
6.73903
0.0257121
0.019539
0.0736186
10.8716
68.6747
9.47338
86.5586
0.001037
2