0.088
0.144
1.75
0.088
0.6
0.035
0.0053
6.73
0.135
0.1
4.42
0.119
3.2
1
14.4
0.0246
6.43
0.01
0.63
0.683
0.252
1.09
1.04e-05
1159
0.7
4.07
128
3.89
4.14
19.1
3.2
0.123
0.325
3.26
208
0.0506
0.0138
37.5
0.1725
0.266
0.2
2.9
0.2
0.185
0.653
1934.4
0.473
0.0468
0.188
0.369
0.2
0.196
0.0136
1.038
0.26
0.2
22.5
0.19
0.31
3082.3
0.01
245.3
2.15
4
0.1
1.4
1
1
1
1.05
2.8
1.39
0.3
1.2
10
5.62907e+06
1000
2.6
2.2
1.2
3.68
4.21
11.1
4
3.66
17.4146
0.107953
330.448
0.00752546
0.0116204
1.3802
921.594
0.0022627
0.00043711
6.05953
0.107021
1840.58
16.2324
650.988
3021.77
89.0497
0.839824
0.0611315
7829.78
4.83841
0.0129005
6.73903
0.0257121
0.019539
0.0736186
10.8716
68.6747
9.47338
86.5586
0.001037
2